1100 600
1200 500
1100 2300
1100 100
1200 100
1200 500
1200 400
1200 600
1200 200
1100 700
1200 700
1200 700
100 3700
300 3700
100 3700
400 2600
200 3700
300 3700
400 200
300 3700
200 3700
400 900
300 3700
100 3700
200 3700
200 500
900 400
100 3700
200 2500
200 700
200 3700
100 3700
100 3700
900 3300
300 3700
200 3700
400 400
400 300
900 100
200 3700
900 900
400 1100
400 1400
400 100
900 2700
800 3700
400 200
400 200
100 2300
100 2100
100 3700
100 1600
100 3700
100 3700
400 3700
300 3700
100 1400
500 3700
200 3700
400 3700
100 3700
100 200
500 2200
100 400
100 800
100 700
500 1500
100 3700
100 1600
700 3700
800 600
800 3100
1400 200
1400 400
1400 300
200 3700
100 3700
1400 100
1400 300
1400 600
100 3700
1400 100
500 3700
1400 1700
700 400
100 600
800 1600
700 2600
100 3300
100 400
500 3700
100 1100
700 700
100 3700
100 2000
800 2100
800 2200
1300 200
1300 3100
800 400
200 300
1300 300
200 600
800 1100
200 900
1300 100
200 1600
200 300
200 400
100 2800
300 3700
1300 3700
200 600
200 800
300 3700
100 900
200 300
200 600
200 1000
100 3700
400 1500
300 2400
200 2100
300 700
300 3700
500 3700
200 1600
400 1100
400 1100
300 600
200 3700
400 3700
400 800
1900 500
1900 800
400 100
1900 800
1900 700
400 500
400 700
1900 900
400 300
400 700
400 600
400 3700
600 3700
100 100
100 3700
100 3700
300 3700
200 3700
200 3700
100 3700
100 600
100 3000
200 3700
300 1600
400 1700
300 400
400 200
400 300
100 3700
300 1700
1400 1700
100 3700
400 1200
400 300
1400 2000
1000 400
1000 100
900 1600
900 2100
1000 600
1000 200
400 3700
1000 100
1000 600
1000 1500
1000 100
1000 100
200 3700
200 1000
200 600
800 2200
200 600
700 3200
200 300
200 600
200 600
800 1500
400 3700
700 500
600 1800
200 1100
200 1000
200 1100
400 3200
400 100
100 3700
200 200
1000 3700
200 300
600 1900
400 400
500 400
500 3700
500 1200
200 600
500 600
200 2000
500 100
1100 3700
500 300
500 200
500 900
200 1100
700 200
700 100
700 300
700 100
700 600
300 3700
700 100
1100 3700
700 600
200 3700
700 200
700 1500
400 700
400 400
400 800
500 3700
300 3700
200 200
400 1400
400 400
200 1800
300 3700
600 3700
200 1700
2300 700
2300 500
2300 400
2300 300
2300 100
2300 500
2300 100
2300 200
2300 200
2300 100
2300 100
2300 500
2300 400
2300 400
2300 100
2300 100
2300 200
2300 100
2300 100
2300 400
2300 200
2300 1500
2300 100
2300 100
100 200
900 1900
900 1300
400 1200
400 900
400 500
100 3500
500 3700
400 1100
900 500
400 1600
400 2100
400 500
400 2200
1500 1800
400 100
400 100
400 1000
400 1900
1500 500
1500 1200
400 1500
400 100
1500 200
400 3700
200 100
200 800
200 500
100 3700
500 3700
200 1100
200 500
200 500
200 3700
900 3700
200 200
300 500
300 400
300 700
800 2300
400 1500
300 1000
800 1400
300 400
300 300
400 2200
300 400
800 3700
400 2600
100 1000
100 100
100 600
100 3700
400 900
200 3700
100 2000
700 3700
700 3700
400 200
100 3700
900 3700
500 800
500 1500
300 3700
500 500
300 3700
200 3700
100 2500
100 800
500 300
500 600
100 400
2200 300
2200 500
2200 100
2200 200
2200 300
100 3100
2200 400
100 600
2200 500
2200 200
2200 1100
2200 100
2000 100
2000 200
300 1100
300 800
2000 300
2000 1100
300 600
2000 100
2000 1600
2000 100
2000 200
300 1200
700 600
200 1700
700 3100
300 2300
100 3700
200 1500
700 3700
200 500
100 3700
100 3700
100 3700
300 1400
200 3700
200 500
300 600
200 2500
200 1200
100 3700
500 3700
200 3200
100 3700
300 3700
300 3100
400 3700
300 900
300 3700
300 1700
100 3700
100 3700
400 3700
400 3700
200 3700
100 3700
200 3700
300 1100
200 3700
200 900
200 3700
400 3700
200 100
200 400
200 300
200 600
800 3700
400 3700
200 1400
100 3700
200 3700
1000 1100
1000 3700
300 2800
300 200
1000 500
1000 800
300 500
1000 400
1000 100
1000 300
1000 500
300 200
100 700
300 500
300 3700
300 1200
100 800
300 500
200 3700
700 3700
200 3700
300 1500
500 3700
100 2200
300 3700
800 500
300 900
300 2700
600 1400
300 100
800 1200
200 3700
800 700
100 3700
600 2300
800 1300
100 3700
200 600
200 3700
300 3300
1000 3700
200 3700
200 1200
200 1900
100 3700
300 400
100 3700
100 3700
300 3700
100 3700
100 3700
200 3700
100 3700
100 3700
100 3700
400 3700
200 3700
100 3700
500 3700
100 3700
100 3700
200 1100
1100 3700
500 400
500 700
200 3700
500 200
500 1700
500 300
500 400
200 2600
200 3700
100 3700
1000 500
500 3700
100 3700
1000 800
1000 1700
100 3700
100 1100
100 2600
100 3700
300 3700
1000 700
2300 400
2300 300
2300 200
2300 400
2300 100
2300 500
2300 100
2300 400
2300 200
2300 800
2300 100
2300 200
500 3700
200 1300
200 1100
400 1800
200 500
200 800
200 3700
100 3700
400 3700
100 3700
400 3700
400 1900
400 2100
200 1900
100 3700
100 3700
800 700
400 3700
300 3700
800 3000
400 200
200 800
400 1400
200 1000
300 3700
200 500
600 3700
200 600
200 200
300 3700
200 1100
200 900
200 600
200 3100
700 3700
200 400
100 3700
900 2500
900 3700
100 1400
900 1200
100 3700
100 3700
100 1300
100 3100
100 100
100 900
100 600
400 3700
300 2700
200 3700
100 200
500 3700
300 3700
300 200
100 2400
300 300
100 1100
500 3700
300 500
600 3700
200 3700
100 3700
200 1500
100 3700
200 3700
100 3700
200 3700
100 3700
400 3700
100 3700
200 2200
100 3700
100 3700
100 3700
500 3700
100 3700
100 3700
200 3700
100 3700
300 3700
200 3700
200 3700
300 3700
300 3700
100 3700
100 3700
300 1000
300 2200
300 500
300 3700
100 3700
400 3700
100 3700
500 3700
100 3700
2300 100
2300 300
2300 300
2300 400
2300 100
2300 100
2300 400
2300 1000
2300 300
2300 300
2300 100
2300 300
400 800
700 900
400 600
1200 3700
400 500
700 2000
400 400
400 200
700 500
400 1100
700 300
400 100
600 3700
300 3700
300 1100
500 3700
300 200
300 100
300 3700
300 300
300 600
100 3700
200 3700
300 1400
200 3700
100 3700
300 3700
100 3700
100 3700
100 3700
200 3700
800 3700
100 3700
100 3700
100 3700
100 3700
100 3700
200 3700
200 3700
100 3700
300 3700
100 3700
300 3700
100 3700
100 3700
500 3700
200 3700
100 3700
800 3700
700 900
100 1900
100 600
100 1400
100 3700
100 3700
100 1800
700 2600
400 3700
100 1700
700 200
500 3700
700 400
700 100
200 3700
700 1500
700 400
700 100
200 3700
700 100
700 800
700 300
700 3700
200 300
300 3700
100 3700
400 3700
100 300
200 2800
100 3700
200 900
500 3700
100 3400
200 3400
400 3700
300 3700
300 1400
400 3700
400 3700
300 2000
100 3700
100 3700
300 300
100 100
500 3700
100 3700
100 3600
100 200
100 1100
100 100
2200 500
2200 3200
100 100
100 100
100 100
100 700
100 700
100 400
100 200
300 1200
300 600
300 700
1800 1500
300 300
200 400
1800 1000
200 1100
300 900
1800 1100
1800 100
200 2200
100 3700
700 600
200 1600
200 600
700 300
200 2100
100 3700
300 3700
200 3100
100 3700
700 2800
600 3700
300 3700
300 400
200 200
200 600
200 1800
200 3700
200 200
100 3700
300 3300
1200 3700
200 200
200 700
400 2100
100 3500
100 200
200 3700
400 3700
400 1100
500 2100
500 1600
400 500
100 2100
100 1600
600 3700
300 3700
500 3700
400 3700
100 3700
100 3700
100 3700
100 3700
100 3700
200 3700
200 3700
100 3700
100 3700
200 1300
300 3700
300 3700
200 3700
200 3700
200 700
200 800
200 2900
700 3700
200 3700
200 600
200 1100
100 2100
100 300
100 3000
100 600
600 3700
600 3700
500 3700
100 3700
100 400
100 1000
200 3700
100 3700
100 3700
600 500
600 1000
200 3700
400 3700
400 3700
600 600
300 3700
200 3700
600 100
100 3700
600 1500
1000 400
200 700
200 800
1000 200
1000 1400
1000 100
1100 900
1000 400
1100 700
1100 2100
200 2200
1000 1200
400 900
1100 600
400 100
600 3700
1100 900
400 1500
400 900
200 2400
400 300
1100 1600
1100 600
200 1300
600 100
500 700
500 500
500 1800
600 400
600 200
600 700
600 100
600 900
600 1300
500 700
1200 3700
300 2000
200 3700
300 3700
600 3700
200 3700
200 1400
300 3700
100 3700
100 3700
200 2300
300 1100
300 600
2300 200
2300 100
2300 200
2300 300
2300 200
2300 300
2300 400
2300 300
2300 200
2300 500
2300 800
2300 200
700 800
100 400
700 100
400 2500
100 100
700 400
700 1300
700 1100
900 3700
200 3700
100 3200
400 1200
100 3700
400 3700
700 1100
700 1000
100 3300
100 3700
300 3700
600 3700
700 300
700 800
100 400
700 500
900 200
900 300
900 100
900 100
900 600
900 400
900 200
900 200
900 300
900 300
1400 3700
900 1000
600 1000
200 1000
200 500
600 700
300 3700
500 3700
600 800
200 900
700 3700
200 1200
200 100
600 1200
2000 300
300 100
300 900
300 400
300 600
2000 600
300 400
300 700
300 500
2000 1000
300 100
2000 1800
300 200
300 900
700 3700
300 700
300 400
1300 3700
300 300
300 700
300 100
300 100
300 200
300 100
100 3700
200 3700
100 3700
300 3700
600 1400
600 2300
400 3700
100 1100
300 3700
100 2100
200 3700
100 500
200 3700
400 3700
200 400
200 2200
200 1100
700 1700
100 3700
200 3700
100 3700
300 3700
700 2000
100 3700
1500 700
800 200
1500 300
800 600
800 1300
800 100
1500 200
800 700
1500 900
1500 1000
800 800
1500 600
800 400
400 100
400 3600
800 100
800 200
800 1200
800 200
800 700
800 500
1100 3700
800 300
800 100
2300 200
2300 400
2300 100
2300 100
2300 100
2300 1000
2300 400
2300 200
2300 200
2300 200
2300 400
2300 400
1400 300
700 1100
200 800
200 900
1400 100
200 400
200 100
1400 3300
700 2600
200 100
200 800
200 600
200 200
900 3700
500 2600
400 1600
100 3700
500 1100
400 900
200 1300
200 1800
200 400
400 1200
200 3700
200 3700
500 900
300 3700
500 2800
100 3700
100 3700
100 3700
100 3700
300 3700
300 3700
200 3700
100 3700
200 3700
200 3700
100 100
100 2800
100 100
600 600
600 1200
200 3700
100 700
1000 3700
600 1700
600 200
1200 300
1200 900
1000 2200
1000 1300
100 100
1200 400
1200 600
100 1100
1000 200
1200 100
100 2500
1200 1400
2300 100
2300 300
2300 300
2300 1200
2300 300
2300 200
2300 200
2300 100
2300 300
2300 100
2300 500
2300 100
100 3700
600 3700
600 900
600 2800
200 2900
300 1800
400 1200
400 100
200 800
100 3700
400 2400
300 1900
100 3700
100 3700
600 3700
300 3700
100 3700
100 3700
100 3700
100 3700
100 3700
100 3700
300 3700
300 3700
100 900
100 3700
100 3700
100 600
300 3700
100 3700
100 3700
700 3700
200 3700
500 3700
100 2200
100 3700
200 800
100 900
300 3700
200 1100
100 1400
900 3700
100 3700
700 3700
200 1100
200 200
200 500
100 1400
600 2300
200 3700
300 2000
300 200
500 3700
300 600
300 3700
200 3700
100 3700
600 1400
300 900
100 3700
100 2700
100 1000
200 3700
100 3700
200 2800
400 3700
200 3700
100 3700
200 900
500 3700
200 3700
300 3700
2300 400
2300 100
2300 400
2300 300
2300 600
2300 400
2300 100
2300 300
2300 200
2300 100
2300 500
2300 300
2300 100
2300 900
2300 300
2300 500
2300 700
2300 100
2300 100
2300 300
2300 200
2300 200
2300 100
2300 200
400 3200
100 400
100 3700
200 3700
100 2100
400 500
200 3700
100 1200
200 3700
900 3700
100 3700
100 3700
300 1300
700 900
100 3700
700 900
300 2400
100 3700
700 800
600 3700
700 300
200 3700
300 3700
700 800
